# snap_directory log_total_column_density curr_spectrum ion  radius gal_R200 gal_M200
# /cosma5/data/dp004/dc-oppe1/Halo_x001/data_007_x001_eagle.NEQ.snap023restart 15.643 Spectrum11 h1 35.257 176.286 11.849
# velocity_array ion_flux optical_depth
3.240e+00 9.476e-37 8.295e+01
4.640e+00 3.789e-46 1.046e+02
6.039e+00 4.017e-56 1.276e+02
7.439e+00 5.902e-66 1.502e+02
8.839e+00 8.463e-75 1.706e+02
1.024e+01 8.474e-82 1.867e+02
1.164e+01 3.097e-86 1.969e+02
1.304e+01 1.168e-87 2.002e+02
1.444e+01 5.725e-86 1.963e+02
1.584e+01 1.968e-81 1.858e+02
1.724e+01 1.250e-74 1.702e+02
1.864e+01 2.452e-66 1.511e+02
2.004e+01 2.167e-57 1.305e+02
2.144e+01 1.490e-48 1.101e+02
2.284e+01 2.037e-40 9.139e+01
2.424e+01 2.327e-33 7.514e+01
2.564e+01 1.532e-27 6.174e+01
2.704e+01 6.025e-23 5.116e+01
2.844e+01 1.932e-19 4.309e+01
2.984e+01 7.971e-17 3.707e+01
3.124e+01 6.890e-15 3.261e+01
3.264e+01 1.952e-13 2.926e+01
3.404e+01 2.616e-12 2.667e+01
3.544e+01 2.189e-11 2.454e+01
3.684e+01 1.387e-10 2.270e+01
3.824e+01 7.545e-10 2.100e+01
3.964e+01 3.790e-09 1.939e+01
4.104e+01 1.827e-08 1.782e+01
4.244e+01 8.561e-08 1.627e+01
4.384e+01 3.899e-07 1.476e+01
4.524e+01 1.710e-06 1.328e+01
4.664e+01 7.122e-06 1.185e+01
4.804e+01 2.779e-05 1.049e+01
4.944e+01 1.002e-04 9.208e+00
5.084e+01 3.303e-04 8.016e+00
5.224e+01 9.871e-04 6.921e+00
5.364e+01 2.662e-03 5.929e+00
5.504e+01 6.465e-03 5.041e+00
5.644e+01 1.416e-02 4.257e+00
5.784e+01 2.805e-02 3.574e+00
5.924e+01 5.054e-02 2.985e+00
6.064e+01 8.334e-02 2.485e+00
6.204e+01 1.266e-01 2.067e+00
6.344e+01 1.783e-01 1.724e+00
6.484e+01 2.339e-01 1.453e+00
6.624e+01 2.870e-01 1.248e+00
6.764e+01 3.292e-01 1.111e+00
6.904e+01 3.520e-01 1.044e+00
7.044e+01 3.481e-01 1.055e+00
7.184e+01 3.139e-01 1.159e+00
7.324e+01 2.534e-01 1.373e+00
7.464e+01 1.786e-01 1.723e+00
7.604e+01 1.065e-01 2.239e+00
7.744e+01 5.198e-02 2.957e+00
7.884e+01 2.003e-02 3.911e+00
8.024e+01 5.894e-03 5.134e+00
8.164e+01 1.291e-03 6.653e+00
8.304e+01 2.075e-04 8.480e+00
8.444e+01 2.459e-05 1.061e+01
8.584e+01 2.209e-06 1.302e+01
8.724e+01 1.586e-07 1.566e+01
8.864e+01 9.876e-09 1.843e+01
9.004e+01 5.932e-10 2.125e+01
9.144e+01 3.901e-11 2.397e+01
9.284e+01 3.225e-12 2.646e+01
9.424e+01 3.848e-13 2.859e+01
9.564e+01 7.520e-14 3.022e+01
9.704e+01 2.664e-14 3.126e+01
9.844e+01 1.829e-14 3.163e+01
9.984e+01 2.495e-14 3.132e+01
1.012e+02 6.628e-14 3.034e+01
1.026e+02 3.223e-13 2.876e+01
1.040e+02 2.601e-12 2.668e+01
1.054e+02 3.077e-11 2.420e+01
1.068e+02 4.649e-10 2.149e+01
1.082e+02 7.816e-09 1.867e+01
1.096e+02 1.286e-07 1.587e+01
1.110e+02 1.856e-06 1.320e+01
1.124e+02 2.162e-05 1.074e+01
1.138e+02 1.921e-04 8.558e+00
1.152e+02 1.264e-03 6.673e+00
1.166e+02 6.126e-03 5.095e+00
1.180e+02 2.214e-02 3.810e+00
1.194e+02 6.127e-02 2.792e+00
1.208e+02 1.344e-01 2.007e+00
1.222e+02 2.425e-01 1.417e+00
1.236e+02 3.739e-01 9.837e-01
1.250e+02 5.096e-01 6.740e-01
1.264e+02 6.327e-01 4.577e-01
1.278e+02 7.334e-01 3.100e-01
1.292e+02 8.094e-01 2.114e-01
1.306e+02 8.634e-01 1.469e-01
1.320e+02 8.999e-01 1.054e-01
1.334e+02 9.239e-01 7.915e-02
1.348e+02 9.393e-01 6.264e-02
1.362e+02 9.491e-01 5.226e-02
1.376e+02 9.554e-01 4.566e-02
1.390e+02 9.595e-01 4.134e-02
1.404e+02 9.623e-01 3.838e-02
1.418e+02 9.644e-01 3.623e-02
1.432e+02 9.660e-01 3.456e-02
1.446e+02 9.674e-01 3.318e-02
1.460e+02 9.685e-01 3.198e-02
1.474e+02 9.696e-01 3.090e-02
1.488e+02 9.706e-01 2.989e-02
1.502e+02 9.715e-01 2.894e-02
1.516e+02 9.724e-01 2.801e-02
1.530e+02 9.733e-01 2.711e-02
1.544e+02 9.741e-01 2.619e-02
1.558e+02 9.751e-01 2.525e-02
1.572e+02 9.760e-01 2.425e-02
1.586e+02 9.771e-01 2.319e-02
1.600e+02 9.782e-01 2.206e-02
1.614e+02 9.793e-01 2.088e-02
1.628e+02 9.805e-01 1.967e-02
1.642e+02 9.817e-01 1.845e-02
1.656e+02 9.829e-01 1.726e-02
1.670e+02 9.840e-01 1.612e-02
1.684e+02 9.851e-01 1.505e-02
1.698e+02 9.860e-01 1.405e-02
1.712e+02 9.869e-01 1.315e-02
1.726e+02 9.877e-01 1.233e-02
1.740e+02 9.885e-01 1.158e-02
1.754e+02 9.892e-01 1.090e-02
1.768e+02 9.898e-01 1.028e-02
1.782e+02 9.903e-01 9.711e-03
1.796e+02 9.909e-01 9.176e-03
1.810e+02 9.914e-01 8.671e-03
1.824e+02 9.918e-01 8.189e-03
1.838e+02 9.923e-01 7.722e-03
1.852e+02 9.928e-01 7.266e-03
1.866e+02 9.932e-01 6.819e-03
1.880e+02 9.936e-01 6.378e-03
1.894e+02 9.941e-01 5.944e-03
1.908e+02 9.945e-01 5.518e-03
1.922e+02 9.949e-01 5.102e-03
1.936e+02 9.953e-01 4.698e-03
1.950e+02 9.957e-01 4.308e-03
1.964e+02 9.961e-01 3.936e-03
1.978e+02 9.964e-01 3.585e-03
1.992e+02 9.968e-01 3.255e-03
2.006e+02 9.971e-01 2.948e-03
2.020e+02 9.973e-01 2.666e-03
2.034e+02 9.976e-01 2.408e-03
2.048e+02 9.978e-01 2.173e-03
2.062e+02 9.980e-01 1.961e-03
2.076e+02 9.982e-01 1.771e-03
2.090e+02 9.984e-01 1.600e-03
2.104e+02 9.986e-01 1.447e-03
2.118e+02 9.987e-01 1.310e-03
2.132e+02 9.988e-01 1.187e-03
2.146e+02 9.989e-01 1.077e-03
2.160e+02 9.990e-01 9.787e-04
2.174e+02 9.991e-01 8.900e-04
2.188e+02 9.992e-01 8.101e-04
2.202e+02 9.993e-01 7.377e-04
2.216e+02 9.993e-01 6.721e-04
2.230e+02 9.994e-01 6.125e-04
2.244e+02 9.994e-01 5.581e-04
2.258e+02 9.995e-01 5.085e-04
2.272e+02 9.995e-01 4.632e-04
2.286e+02 9.996e-01 4.217e-04
2.300e+02 9.996e-01 3.837e-04
2.314e+02 9.997e-01 3.488e-04
2.328e+02 9.997e-01 3.169e-04
2.342e+02 9.997e-01 2.877e-04
2.356e+02 9.997e-01 2.609e-04
2.370e+02 9.998e-01 2.364e-04
2.384e+02 9.998e-01 2.140e-04
2.398e+02 9.998e-01 1.936e-04
2.412e+02 9.998e-01 1.750e-04
2.426e+02 9.998e-01 1.581e-04
2.440e+02 9.999e-01 1.427e-04
2.454e+02 9.999e-01 1.287e-04
2.468e+02 9.999e-01 1.161e-04
2.482e+02 9.999e-01 1.046e-04
2.496e+02 9.999e-01 9.429e-05
2.510e+02 9.999e-01 8.496e-05
2.524e+02 9.999e-01 7.653e-05
2.538e+02 9.999e-01 6.893e-05
2.552e+02 9.999e-01 6.208e-05
2.566e+02 9.999e-01 5.591e-05
2.580e+02 9.999e-01 5.035e-05
2.594e+02 1.000e+00 4.535e-05
2.608e+02 1.000e+00 4.083e-05
2.622e+02 1.000e+00 3.677e-05
2.636e+02 1.000e+00 3.310e-05
2.650e+02 1.000e+00 2.980e-05
2.664e+02 1.000e+00 2.683e-05
2.678e+02 1.000e+00 2.414e-05
2.692e+02 1.000e+00 2.173e-05
2.706e+02 1.000e+00 1.954e-05
2.720e+02 1.000e+00 1.758e-05
2.734e+02 1.000e+00 1.581e-05
2.748e+02 1.000e+00 1.421e-05
2.762e+02 1.000e+00 1.276e-05
2.776e+02 1.000e+00 1.147e-05
2.790e+02 1.000e+00 1.030e-05
2.804e+02 1.000e+00 9.240e-06
2.818e+02 1.000e+00 8.290e-06
2.832e+02 1.000e+00 7.435e-06
2.846e+02 1.000e+00 6.665e-06
2.860e+02 1.000e+00 5.972e-06
2.874e+02 1.000e+00 5.349e-06
2.888e+02 1.000e+00 4.788e-06
2.902e+02 1.000e+00 4.285e-06
2.916e+02 1.000e+00 3.833e-06
2.930e+02 1.000e+00 3.427e-06
2.944e+02 1.000e+00 3.062e-06
2.958e+02 1.000e+00 2.735e-06
2.972e+02 1.000e+00 2.442e-06
2.986e+02 1.000e+00 2.179e-06
3.000e+02 1.000e+00 1.944e-06
3.014e+02 1.000e+00 1.733e-06
3.028e+02 1.000e+00 1.545e-06
3.042e+02 1.000e+00 1.376e-06
3.056e+02 1.000e+00 1.225e-06
3.070e+02 1.000e+00 1.091e-06
3.084e+02 1.000e+00 9.702e-07
3.098e+02 1.000e+00 8.628e-07
3.112e+02 1.000e+00 7.670e-07
3.126e+02 1.000e+00 6.816e-07
3.140e+02 1.000e+00 6.054e-07
3.154e+02 1.000e+00 5.376e-07
3.168e+02 1.000e+00 4.772e-07
3.182e+02 1.000e+00 4.234e-07
3.196e+02 1.000e+00 3.756e-07
3.210e+02 1.000e+00 3.331e-07
3.224e+02 1.000e+00 2.953e-07
3.238e+02 1.000e+00 2.617e-07
3.252e+02 1.000e+00 2.319e-07
3.266e+02 1.000e+00 2.055e-07
3.280e+02 1.000e+00 1.820e-07
3.294e+02 1.000e+00 1.612e-07
3.308e+02 1.000e+00 1.428e-07
3.322e+02 1.000e+00 1.264e-07
3.336e+02 1.000e+00 1.119e-07
3.350e+02 1.000e+00 9.913e-08
3.364e+02 1.000e+00 8.779e-08
3.378e+02 1.000e+00 7.775e-08
3.392e+02 1.000e+00 6.888e-08
3.406e+02 1.000e+00 6.103e-08
3.420e+02 1.000e+00 5.409e-08
3.434e+02 1.000e+00 4.796e-08
3.448e+02 1.000e+00 4.255e-08
3.462e+02 1.000e+00 3.777e-08
3.476e+02 1.000e+00 3.355e-08
3.490e+02 1.000e+00 2.982e-08
3.504e+02 1.000e+00 2.654e-08
3.518e+02 1.000e+00 2.364e-08
3.532e+02 1.000e+00 2.109e-08
3.546e+02 1.000e+00 1.884e-08
3.560e+02 1.000e+00 1.686e-08
3.574e+02 1.000e+00 1.512e-08
3.588e+02 1.000e+00 1.359e-08
3.602e+02 1.000e+00 1.224e-08
3.616e+02 1.000e+00 1.107e-08
3.630e+02 1.000e+00 1.003e-08
3.644e+02 1.000e+00 9.127e-09
3.658e+02 1.000e+00 8.335e-09
3.672e+02 1.000e+00 7.645e-09
3.686e+02 1.000e+00 7.044e-09
3.700e+02 1.000e+00 6.521e-09
3.714e+02 1.000e+00 6.068e-09
3.728e+02 1.000e+00 5.677e-09
3.742e+02 1.000e+00 5.340e-09
3.756e+02 1.000e+00 5.051e-09
3.770e+02 1.000e+00 4.805e-09
3.784e+02 1.000e+00 4.597e-09
3.798e+02 1.000e+00 4.423e-09
3.812e+02 1.000e+00 4.280e-09
3.826e+02 1.000e+00 4.163e-09
3.840e+02 1.000e+00 4.070e-09
3.854e+02 1.000e+00 3.999e-09
3.868e+02 1.000e+00 3.948e-09
3.882e+02 1.000e+00 3.914e-09
3.896e+02 1.000e+00 3.895e-09
3.910e+02 1.000e+00 3.892e-09
3.924e+02 1.000e+00 3.901e-09
3.938e+02 1.000e+00 3.922e-09
3.952e+02 1.000e+00 3.953e-09
3.966e+02 1.000e+00 3.993e-09
3.980e+02 1.000e+00 4.042e-09
3.994e+02 1.000e+00 4.097e-09
4.008e+02 1.000e+00 4.159e-09
4.022e+02 1.000e+00 4.225e-09
4.036e+02 1.000e+00 4.294e-09
4.050e+02 1.000e+00 4.366e-09
4.064e+02 1.000e+00 4.440e-09
4.078e+02 1.000e+00 4.514e-09
4.092e+02 1.000e+00 4.587e-09
4.106e+02 1.000e+00 4.658e-09
4.120e+02 1.000e+00 4.726e-09
4.134e+02 1.000e+00 4.790e-09
4.148e+02 1.000e+00 4.848e-09
4.162e+02 1.000e+00 4.902e-09
4.176e+02 1.000e+00 4.948e-09
4.190e+02 1.000e+00 4.987e-09
4.204e+02 1.000e+00 5.018e-09
4.218e+02 1.000e+00 5.041e-09
4.232e+02 1.000e+00 5.055e-09
4.246e+02 1.000e+00 5.060e-09
4.260e+02 1.000e+00 5.056e-09
4.274e+02 1.000e+00 5.044e-09
4.288e+02 1.000e+00 5.023e-09
4.302e+02 1.000e+00 4.994e-09
4.316e+02 1.000e+00 4.957e-09
4.330e+02 1.000e+00 4.913e-09
4.344e+02 1.000e+00 4.862e-09
4.358e+02 1.000e+00 4.806e-09
4.372e+02 1.000e+00 4.744e-09
4.386e+02 1.000e+00 4.679e-09
4.400e+02 1.000e+00 4.609e-09
4.414e+02 1.000e+00 4.537e-09
4.428e+02 1.000e+00 4.463e-09
4.442e+02 1.000e+00 4.387e-09
4.456e+02 1.000e+00 4.309e-09
4.470e+02 1.000e+00 4.231e-09
4.484e+02 1.000e+00 4.152e-09
4.498e+02 1.000e+00 4.073e-09
4.512e+02 1.000e+00 3.994e-09
4.526e+02 1.000e+00 3.914e-09
4.540e+02 1.000e+00 3.833e-09
4.554e+02 1.000e+00 3.751e-09
4.568e+02 1.000e+00 3.669e-09
4.582e+02 1.000e+00 3.584e-09
4.596e+02 1.000e+00 3.498e-09
4.610e+02 1.000e+00 3.410e-09
4.624e+02 1.000e+00 3.318e-09
4.638e+02 1.000e+00 3.224e-09
4.652e+02 1.000e+00 3.127e-09
4.666e+02 1.000e+00 3.026e-09
4.680e+02 1.000e+00 2.923e-09
4.694e+02 1.000e+00 2.815e-09
4.708e+02 1.000e+00 2.705e-09
4.722e+02 1.000e+00 2.592e-09
4.736e+02 1.000e+00 2.477e-09
4.750e+02 1.000e+00 2.360e-09
4.764e+02 1.000e+00 2.241e-09
4.778e+02 1.000e+00 2.122e-09
4.792e+02 1.000e+00 2.003e-09
4.806e+02 1.000e+00 1.885e-09
4.820e+02 1.000e+00 1.768e-09
4.834e+02 1.000e+00 1.654e-09
4.848e+02 1.000e+00 1.543e-09
4.862e+02 1.000e+00 1.436e-09
4.876e+02 1.000e+00 1.333e-09
4.890e+02 1.000e+00 1.234e-09
4.904e+02 1.000e+00 1.141e-09
4.918e+02 1.000e+00 1.054e-09
4.932e+02 1.000e+00 9.729e-10
4.946e+02 1.000e+00 8.978e-10
4.960e+02 1.000e+00 8.289e-10
4.974e+02 1.000e+00 7.662e-10
4.988e+02 1.000e+00 7.097e-10
5.002e+02 1.000e+00 6.593e-10
5.016e+02 1.000e+00 6.148e-10
5.030e+02 1.000e+00 5.759e-10
5.044e+02 1.000e+00 5.424e-10
5.058e+02 1.000e+00 5.140e-10
5.072e+02 1.000e+00 4.904e-10
5.086e+02 1.000e+00 4.714e-10
5.100e+02 1.000e+00 4.565e-10
5.114e+02 1.000e+00 4.455e-10
5.128e+02 1.000e+00 4.382e-10
5.142e+02 1.000e+00 4.341e-10
5.156e+02 1.000e+00 4.331e-10
5.170e+02 1.000e+00 4.348e-10
5.184e+02 1.000e+00 4.392e-10
5.198e+02 1.000e+00 4.459e-10
5.212e+02 1.000e+00 4.547e-10
5.226e+02 1.000e+00 4.655e-10
5.240e+02 1.000e+00 4.781e-10
5.254e+02 1.000e+00 4.922e-10
5.268e+02 1.000e+00 5.079e-10
5.282e+02 1.000e+00 5.248e-10
5.296e+02 1.000e+00 5.429e-10
5.310e+02 1.000e+00 5.620e-10
5.324e+02 1.000e+00 5.820e-10
5.338e+02 1.000e+00 6.026e-10
5.352e+02 1.000e+00 6.238e-10
5.366e+02 1.000e+00 6.455e-10
5.380e+02 1.000e+00 6.674e-10
5.394e+02 1.000e+00 6.894e-10
5.408e+02 1.000e+00 7.113e-10
5.422e+02 1.000e+00 7.330e-10
5.436e+02 1.000e+00 7.544e-10
5.450e+02 1.000e+00 7.753e-10
5.464e+02 1.000e+00 7.954e-10
5.478e+02 1.000e+00 8.148e-10
5.492e+02 1.000e+00 8.332e-10
5.506e+02 1.000e+00 8.505e-10
5.520e+02 1.000e+00 8.666e-10
5.534e+02 1.000e+00 8.814e-10
5.548e+02 1.000e+00 8.947e-10
5.562e+02 1.000e+00 9.064e-10
5.576e+02 1.000e+00 9.166e-10
5.590e+02 1.000e+00 9.250e-10
5.604e+02 1.000e+00 9.317e-10
5.618e+02 1.000e+00 9.366e-10
5.632e+02 1.000e+00 9.398e-10
5.646e+02 1.000e+00 9.411e-10
5.660e+02 1.000e+00 9.406e-10
5.674e+02 1.000e+00 9.383e-10
5.688e+02 1.000e+00 9.343e-10
5.702e+02 1.000e+00 9.286e-10
5.716e+02 1.000e+00 9.213e-10
5.730e+02 1.000e+00 9.125e-10
5.744e+02 1.000e+00 9.022e-10
5.758e+02 1.000e+00 8.906e-10
5.772e+02 1.000e+00 8.777e-10
5.786e+02 1.000e+00 8.637e-10
5.800e+02 1.000e+00 8.486e-10
5.814e+02 1.000e+00 8.327e-10
5.828e+02 1.000e+00 8.160e-10
5.842e+02 1.000e+00 7.987e-10
5.856e+02 1.000e+00 7.808e-10
5.870e+02 1.000e+00 7.626e-10
5.884e+02 1.000e+00 7.440e-10
5.898e+02 1.000e+00 7.253e-10
5.912e+02 1.000e+00 7.066e-10
5.926e+02 1.000e+00 6.880e-10
5.940e+02 1.000e+00 6.695e-10
5.954e+02 1.000e+00 6.512e-10
5.968e+02 1.000e+00 6.333e-10
5.982e+02 1.000e+00 6.159e-10
5.996e+02 1.000e+00 5.989e-10
6.010e+02 1.000e+00 5.824e-10
6.024e+02 1.000e+00 5.666e-10
6.038e+02 1.000e+00 5.514e-10
6.052e+02 1.000e+00 5.369e-10
6.066e+02 1.000e+00 5.231e-10
6.080e+02 1.000e+00 5.100e-10
6.094e+02 1.000e+00 4.977e-10
6.108e+02 1.000e+00 4.861e-10
6.122e+02 1.000e+00 4.753e-10
6.136e+02 1.000e+00 4.652e-10
6.150e+02 1.000e+00 4.558e-10
6.164e+02 1.000e+00 4.472e-10
6.178e+02 1.000e+00 4.393e-10
6.192e+02 1.000e+00 4.320e-10
6.206e+02 1.000e+00 4.254e-10
6.220e+02 1.000e+00 4.194e-10
6.234e+02 1.000e+00 4.139e-10
6.248e+02 1.000e+00 4.091e-10
6.262e+02 1.000e+00 4.048e-10
6.276e+02 1.000e+00 4.009e-10
6.290e+02 1.000e+00 3.976e-10
6.304e+02 1.000e+00 3.946e-10
6.318e+02 1.000e+00 3.921e-10
6.332e+02 1.000e+00 3.899e-10
6.346e+02 1.000e+00 3.880e-10
6.360e+02 1.000e+00 3.864e-10
6.374e+02 1.000e+00 3.851e-10
6.388e+02 1.000e+00 3.840e-10
6.402e+02 1.000e+00 3.831e-10
6.416e+02 1.000e+00 3.825e-10
6.430e+02 1.000e+00 3.820e-10
6.444e+02 1.000e+00 3.816e-10
6.458e+02 1.000e+00 3.814e-10
6.472e+02 1.000e+00 3.813e-10
6.486e+02 1.000e+00 3.813e-10
6.500e+02 1.000e+00 3.814e-10
6.514e+02 1.000e+00 3.816e-10
6.528e+02 1.000e+00 3.818e-10
6.542e+02 1.000e+00 3.821e-10
6.556e+02 1.000e+00 3.824e-10
6.570e+02 1.000e+00 3.828e-10
6.584e+02 1.000e+00 3.831e-10
6.598e+02 1.000e+00 3.835e-10
6.612e+02 1.000e+00 3.839e-10
6.626e+02 1.000e+00 3.844e-10
6.640e+02 1.000e+00 3.848e-10
6.654e+02 1.000e+00 3.852e-10
6.668e+02 1.000e+00 3.856e-10
6.682e+02 1.000e+00 3.860e-10
6.696e+02 1.000e+00 3.864e-10
6.710e+02 1.000e+00 3.868e-10
6.724e+02 1.000e+00 3.871e-10
6.738e+02 1.000e+00 3.875e-10
6.752e+02 1.000e+00 3.878e-10
6.766e+02 1.000e+00 3.881e-10
6.780e+02 1.000e+00 3.884e-10
6.794e+02 1.000e+00 3.887e-10
6.808e+02 1.000e+00 3.889e-10
6.822e+02 1.000e+00 3.891e-10
6.836e+02 1.000e+00 3.893e-10
6.850e+02 1.000e+00 3.895e-10
6.864e+02 1.000e+00 3.897e-10
6.878e+02 1.000e+00 3.898e-10
6.892e+02 1.000e+00 3.900e-10
6.906e+02 1.000e+00 3.901e-10
6.920e+02 1.000e+00 3.902e-10
6.934e+02 1.000e+00 3.902e-10
6.948e+02 1.000e+00 3.903e-10
6.962e+02 1.000e+00 3.903e-10
6.976e+02 1.000e+00 3.903e-10
6.990e+02 1.000e+00 3.903e-10
7.004e+02 1.000e+00 3.902e-10
7.018e+02 1.000e+00 3.901e-10
7.032e+02 1.000e+00 3.900e-10
7.046e+02 1.000e+00 3.898e-10
7.060e+02 1.000e+00 3.895e-10
7.074e+02 1.000e+00 3.892e-10
7.088e+02 1.000e+00 3.889e-10
7.102e+02 1.000e+00 3.885e-10
7.116e+02 1.000e+00 3.881e-10
7.130e+02 1.000e+00 3.877e-10
7.144e+02 1.000e+00 3.872e-10
7.158e+02 1.000e+00 3.867e-10
7.172e+02 1.000e+00 3.862e-10
7.186e+02 1.000e+00 3.856e-10
7.200e+02 1.000e+00 3.851e-10
7.214e+02 1.000e+00 3.845e-10
7.228e+02 1.000e+00 3.839e-10
7.242e+02 1.000e+00 3.832e-10
7.256e+02 1.000e+00 3.826e-10
7.270e+02 1.000e+00 3.820e-10
7.284e+02 1.000e+00 3.814e-10
7.298e+02 1.000e+00 3.808e-10
7.312e+02 1.000e+00 3.802e-10
7.326e+02 1.000e+00 3.796e-10
7.340e+02 1.000e+00 3.790e-10
7.354e+02 1.000e+00 3.785e-10
7.368e+02 1.000e+00 3.779e-10
7.382e+02 1.000e+00 3.773e-10
7.396e+02 1.000e+00 3.768e-10
7.410e+02 1.000e+00 3.762e-10
7.424e+02 1.000e+00 3.756e-10
7.438e+02 1.000e+00 3.749e-10
7.452e+02 1.000e+00 3.743e-10
7.466e+02 1.000e+00 3.737e-10
7.480e+02 1.000e+00 3.731e-10
7.494e+02 1.000e+00 3.726e-10
7.508e+02 1.000e+00 3.720e-10
7.522e+02 1.000e+00 3.715e-10
7.536e+02 1.000e+00 3.710e-10
7.550e+02 1.000e+00 3.705e-10
7.564e+02 1.000e+00 3.701e-10
7.578e+02 1.000e+00 3.697e-10
7.592e+02 1.000e+00 3.693e-10
7.606e+02 1.000e+00 3.690e-10
7.620e+02 1.000e+00 3.688e-10
7.634e+02 1.000e+00 3.686e-10
7.648e+02 1.000e+00 3.684e-10
7.662e+02 1.000e+00 3.683e-10
7.676e+02 1.000e+00 3.683e-10
7.690e+02 1.000e+00 3.683e-10
7.704e+02 1.000e+00 3.684e-10
7.718e+02 1.000e+00 3.685e-10
7.732e+02 1.000e+00 3.687e-10
7.746e+02 1.000e+00 3.690e-10
7.760e+02 1.000e+00 3.693e-10
7.774e+02 1.000e+00 3.698e-10
7.788e+02 1.000e+00 3.703e-10
-7.793e+02 1.000e+00 3.708e-10
-7.779e+02 1.000e+00 3.715e-10
-7.765e+02 1.000e+00 3.722e-10
-7.751e+02 1.000e+00 3.730e-10
-7.737e+02 1.000e+00 3.738e-10
-7.723e+02 1.000e+00 3.747e-10
-7.709e+02 1.000e+00 3.756e-10
-7.695e+02 1.000e+00 3.765e-10
-7.681e+02 1.000e+00 3.774e-10
-7.667e+02 1.000e+00 3.784e-10
-7.653e+02 1.000e+00 3.794e-10
-7.639e+02 1.000e+00 3.804e-10
-7.625e+02 1.000e+00 3.815e-10
-7.611e+02 1.000e+00 3.826e-10
-7.597e+02 1.000e+00 3.838e-10
-7.583e+02 1.000e+00 3.850e-10
-7.569e+02 1.000e+00 3.863e-10
-7.555e+02 1.000e+00 3.877e-10
-7.541e+02 1.000e+00 3.891e-10
-7.527e+02 1.000e+00 3.906e-10
-7.513e+02 1.000e+00 3.922e-10
-7.499e+02 1.000e+00 3.938e-10
-7.485e+02 1.000e+00 3.955e-10
-7.471e+02 1.000e+00 3.973e-10
-7.457e+02 1.000e+00 3.991e-10
-7.443e+02 1.000e+00 4.010e-10
-7.429e+02 1.000e+00 4.030e-10
-7.415e+02 1.000e+00 4.050e-10
-7.401e+02 1.000e+00 4.072e-10
-7.387e+02 1.000e+00 4.094e-10
-7.373e+02 1.000e+00 4.117e-10
-7.359e+02 1.000e+00 4.141e-10
-7.345e+02 1.000e+00 4.166e-10
-7.331e+02 1.000e+00 4.192e-10
-7.317e+02 1.000e+00 4.219e-10
-7.303e+02 1.000e+00 4.247e-10
-7.289e+02 1.000e+00 4.276e-10
-7.275e+02 1.000e+00 4.307e-10
-7.261e+02 1.000e+00 4.338e-10
-7.247e+02 1.000e+00 4.370e-10
-7.233e+02 1.000e+00 4.404e-10
-7.219e+02 1.000e+00 4.438e-10
-7.205e+02 1.000e+00 4.474e-10
-7.191e+02 1.000e+00 4.511e-10
-7.177e+02 1.000e+00 4.549e-10
-7.163e+02 1.000e+00 4.588e-10
-7.149e+02 1.000e+00 4.628e-10
-7.135e+02 1.000e+00 4.670e-10
-7.121e+02 1.000e+00 4.712e-10
-7.107e+02 1.000e+00 4.756e-10
-7.093e+02 1.000e+00 4.801e-10
-7.079e+02 1.000e+00 4.847e-10
-7.065e+02 1.000e+00 4.895e-10
-7.051e+02 1.000e+00 4.943e-10
-7.037e+02 1.000e+00 4.993e-10
-7.023e+02 1.000e+00 5.044e-10
-7.009e+02 1.000e+00 5.096e-10
-6.995e+02 1.000e+00 5.149e-10
-6.981e+02 1.000e+00 5.204e-10
-6.967e+02 1.000e+00 5.259e-10
-6.953e+02 1.000e+00 5.316e-10
-6.939e+02 1.000e+00 5.374e-10
-6.925e+02 1.000e+00 5.433e-10
-6.911e+02 1.000e+00 5.493e-10
-6.897e+02 1.000e+00 5.554e-10
-6.883e+02 1.000e+00 5.616e-10
-6.869e+02 1.000e+00 5.679e-10
-6.855e+02 1.000e+00 5.744e-10
-6.841e+02 1.000e+00 5.809e-10
-6.827e+02 1.000e+00 5.876e-10
-6.813e+02 1.000e+00 5.943e-10
-6.799e+02 1.000e+00 6.011e-10
-6.785e+02 1.000e+00 6.081e-10
-6.771e+02 1.000e+00 6.151e-10
-6.757e+02 1.000e+00 6.222e-10
-6.743e+02 1.000e+00 6.294e-10
-6.729e+02 1.000e+00 6.367e-10
-6.715e+02 1.000e+00 6.440e-10
-6.701e+02 1.000e+00 6.515e-10
-6.687e+02 1.000e+00 6.590e-10
-6.673e+02 1.000e+00 6.666e-10
-6.659e+02 1.000e+00 6.743e-10
-6.645e+02 1.000e+00 6.820e-10
-6.631e+02 1.000e+00 6.898e-10
-6.617e+02 1.000e+00 6.976e-10
-6.603e+02 1.000e+00 7.055e-10
-6.589e+02 1.000e+00 7.135e-10
-6.575e+02 1.000e+00 7.215e-10
-6.561e+02 1.000e+00 7.295e-10
-6.547e+02 1.000e+00 7.376e-10
-6.533e+02 1.000e+00 7.457e-10
-6.519e+02 1.000e+00 7.539e-10
-6.505e+02 1.000e+00 7.620e-10
-6.491e+02 1.000e+00 7.702e-10
-6.477e+02 1.000e+00 7.784e-10
-6.463e+02 1.000e+00 7.867e-10
-6.449e+02 1.000e+00 7.949e-10
-6.435e+02 1.000e+00 8.031e-10
-6.421e+02 1.000e+00 8.114e-10
-6.407e+02 1.000e+00 8.196e-10
-6.393e+02 1.000e+00 8.278e-10
-6.379e+02 1.000e+00 8.360e-10
-6.365e+02 1.000e+00 8.441e-10
-6.351e+02 1.000e+00 8.522e-10
-6.337e+02 1.000e+00 8.603e-10
-6.323e+02 1.000e+00 8.683e-10
-6.309e+02 1.000e+00 8.763e-10
-6.295e+02 1.000e+00 8.842e-10
-6.281e+02 1.000e+00 8.920e-10
-6.267e+02 1.000e+00 8.998e-10
-6.253e+02 1.000e+00 9.075e-10
-6.239e+02 1.000e+00 9.151e-10
-6.225e+02 1.000e+00 9.227e-10
-6.211e+02 1.000e+00 9.301e-10
-6.197e+02 1.000e+00 9.374e-10
-6.183e+02 1.000e+00 9.447e-10
-6.169e+02 1.000e+00 9.518e-10
-6.155e+02 1.000e+00 9.588e-10
-6.141e+02 1.000e+00 9.656e-10
-6.127e+02 1.000e+00 9.724e-10
-6.113e+02 1.000e+00 9.789e-10
-6.099e+02 1.000e+00 9.854e-10
-6.085e+02 1.000e+00 9.917e-10
-6.071e+02 1.000e+00 9.978e-10
-6.057e+02 1.000e+00 1.004e-09
-6.043e+02 1.000e+00 1.010e-09
-6.029e+02 1.000e+00 1.015e-09
-6.015e+02 1.000e+00 1.021e-09
-6.001e+02 1.000e+00 1.026e-09
-5.987e+02 1.000e+00 1.031e-09
-5.973e+02 1.000e+00 1.036e-09
-5.959e+02 1.000e+00 1.041e-09
-5.945e+02 1.000e+00 1.045e-09
-5.931e+02 1.000e+00 1.049e-09
-5.917e+02 1.000e+00 1.053e-09
-5.903e+02 1.000e+00 1.056e-09
-5.889e+02 1.000e+00 1.058e-09
-5.875e+02 1.000e+00 1.060e-09
-5.861e+02 1.000e+00 1.061e-09
-5.847e+02 1.000e+00 1.061e-09
-5.833e+02 1.000e+00 1.061e-09
-5.819e+02 1.000e+00 1.060e-09
-5.805e+02 1.000e+00 1.058e-09
-5.791e+02 1.000e+00 1.056e-09
-5.777e+02 1.000e+00 1.053e-09
-5.763e+02 1.000e+00 1.049e-09
-5.749e+02 1.000e+00 1.045e-09
-5.735e+02 1.000e+00 1.041e-09
-5.721e+02 1.000e+00 1.036e-09
-5.707e+02 1.000e+00 1.032e-09
-5.693e+02 1.000e+00 1.026e-09
-5.679e+02 1.000e+00 1.021e-09
-5.665e+02 1.000e+00 1.015e-09
-5.651e+02 1.000e+00 1.010e-09
-5.637e+02 1.000e+00 1.004e-09
-5.623e+02 1.000e+00 9.979e-10
-5.609e+02 1.000e+00 9.921e-10
-5.595e+02 1.000e+00 9.863e-10
-5.581e+02 1.000e+00 9.805e-10
-5.567e+02 1.000e+00 9.749e-10
-5.553e+02 1.000e+00 9.694e-10
-5.539e+02 1.000e+00 9.641e-10
-5.525e+02 1.000e+00 9.590e-10
-5.511e+02 1.000e+00 9.541e-10
-5.497e+02 1.000e+00 9.495e-10
-5.483e+02 1.000e+00 9.451e-10
-5.469e+02 1.000e+00 9.410e-10
-5.455e+02 1.000e+00 9.372e-10
-5.441e+02 1.000e+00 9.338e-10
-5.427e+02 1.000e+00 9.307e-10
-5.413e+02 1.000e+00 9.280e-10
-5.399e+02 1.000e+00 9.257e-10
-5.385e+02 1.000e+00 9.240e-10
-5.371e+02 1.000e+00 9.228e-10
-5.357e+02 1.000e+00 9.222e-10
-5.343e+02 1.000e+00 9.223e-10
-5.329e+02 1.000e+00 9.228e-10
-5.315e+02 1.000e+00 9.239e-10
-5.301e+02 1.000e+00 9.255e-10
-5.287e+02 1.000e+00 9.277e-10
-5.273e+02 1.000e+00 9.305e-10
-5.259e+02 1.000e+00 9.338e-10
-5.245e+02 1.000e+00 9.379e-10
-5.231e+02 1.000e+00 9.426e-10
-5.217e+02 1.000e+00 9.480e-10
-5.203e+02 1.000e+00 9.542e-10
-5.189e+02 1.000e+00 9.612e-10
-5.175e+02 1.000e+00 9.691e-10
-5.161e+02 1.000e+00 9.779e-10
-5.147e+02 1.000e+00 9.875e-10
-5.133e+02 1.000e+00 9.978e-10
-5.119e+02 1.000e+00 1.009e-09
-5.105e+02 1.000e+00 1.020e-09
-5.091e+02 1.000e+00 1.031e-09
-5.077e+02 1.000e+00 1.043e-09
-5.063e+02 1.000e+00 1.055e-09
-5.049e+02 1.000e+00 1.066e-09
-5.035e+02 1.000e+00 1.079e-09
-5.021e+02 1.000e+00 1.092e-09
-5.007e+02 1.000e+00 1.106e-09
-4.993e+02 1.000e+00 1.121e-09
-4.979e+02 1.000e+00 1.138e-09
-4.965e+02 1.000e+00 1.158e-09
-4.951e+02 1.000e+00 1.180e-09
-4.937e+02 1.000e+00 1.205e-09
-4.923e+02 1.000e+00 1.233e-09
-4.909e+02 1.000e+00 1.265e-09
-4.895e+02 1.000e+00 1.301e-09
-4.881e+02 1.000e+00 1.341e-09
-4.867e+02 1.000e+00 1.386e-09
-4.853e+02 1.000e+00 1.436e-09
-4.839e+02 1.000e+00 1.492e-09
-4.825e+02 1.000e+00 1.555e-09
-4.811e+02 1.000e+00 1.624e-09
-4.797e+02 1.000e+00 1.700e-09
-4.783e+02 1.000e+00 1.783e-09
-4.769e+02 1.000e+00 1.875e-09
-4.755e+02 1.000e+00 1.976e-09
-4.741e+02 1.000e+00 2.087e-09
-4.727e+02 1.000e+00 2.208e-09
-4.713e+02 1.000e+00 2.340e-09
-4.699e+02 1.000e+00 2.485e-09
-4.685e+02 1.000e+00 2.642e-09
-4.671e+02 1.000e+00 2.814e-09
-4.657e+02 1.000e+00 3.002e-09
-4.643e+02 1.000e+00 3.207e-09
-4.629e+02 1.000e+00 3.431e-09
-4.615e+02 1.000e+00 3.676e-09
-4.601e+02 1.000e+00 3.943e-09
-4.587e+02 1.000e+00 4.235e-09
-4.573e+02 1.000e+00 4.555e-09
-4.559e+02 1.000e+00 4.904e-09
-4.545e+02 1.000e+00 5.285e-09
-4.531e+02 1.000e+00 5.703e-09
-4.517e+02 1.000e+00 6.160e-09
-4.503e+02 1.000e+00 6.660e-09
-4.489e+02 1.000e+00 7.208e-09
-4.475e+02 1.000e+00 7.809e-09
-4.461e+02 1.000e+00 8.466e-09
-4.447e+02 1.000e+00 9.188e-09
-4.433e+02 1.000e+00 9.979e-09
-4.419e+02 1.000e+00 1.085e-08
-4.405e+02 1.000e+00 1.180e-08
-4.391e+02 1.000e+00 1.284e-08
-4.377e+02 1.000e+00 1.399e-08
-4.363e+02 1.000e+00 1.525e-08
-4.349e+02 1.000e+00 1.663e-08
-4.335e+02 1.000e+00 1.814e-08
-4.321e+02 1.000e+00 1.980e-08
-4.307e+02 1.000e+00 2.163e-08
-4.293e+02 1.000e+00 2.363e-08
-4.279e+02 1.000e+00 2.583e-08
-4.265e+02 1.000e+00 2.824e-08
-4.251e+02 1.000e+00 3.089e-08
-4.237e+02 1.000e+00 3.379e-08
-4.223e+02 1.000e+00 3.698e-08
-4.209e+02 1.000e+00 4.047e-08
-4.195e+02 1.000e+00 4.431e-08
-4.181e+02 1.000e+00 4.852e-08
-4.167e+02 1.000e+00 5.313e-08
-4.153e+02 1.000e+00 5.820e-08
-4.139e+02 1.000e+00 6.376e-08
-4.125e+02 1.000e+00 6.985e-08
-4.111e+02 1.000e+00 7.654e-08
-4.097e+02 1.000e+00 8.387e-08
-4.083e+02 1.000e+00 9.191e-08
-4.069e+02 1.000e+00 1.007e-07
-4.055e+02 1.000e+00 1.104e-07
-4.041e+02 1.000e+00 1.210e-07
-4.027e+02 1.000e+00 1.326e-07
-4.013e+02 1.000e+00 1.453e-07
-3.999e+02 1.000e+00 1.593e-07
-3.985e+02 1.000e+00 1.745e-07
-3.971e+02 1.000e+00 1.913e-07
-3.957e+02 1.000e+00 2.096e-07
-3.943e+02 1.000e+00 2.297e-07
-3.929e+02 1.000e+00 2.517e-07
-3.915e+02 1.000e+00 2.758e-07
-3.901e+02 1.000e+00 3.022e-07
-3.887e+02 1.000e+00 3.311e-07
-3.873e+02 1.000e+00 3.627e-07
-3.859e+02 1.000e+00 3.974e-07
-3.845e+02 1.000e+00 4.353e-07
-3.831e+02 1.000e+00 4.768e-07
-3.817e+02 1.000e+00 5.222e-07
-3.803e+02 1.000e+00 5.719e-07
-3.789e+02 1.000e+00 6.263e-07
-3.775e+02 1.000e+00 6.858e-07
-3.761e+02 1.000e+00 7.509e-07
-3.747e+02 1.000e+00 8.222e-07
-3.733e+02 1.000e+00 9.000e-07
-3.719e+02 1.000e+00 9.852e-07
-3.705e+02 1.000e+00 1.078e-06
-3.691e+02 1.000e+00 1.180e-06
-3.677e+02 1.000e+00 1.292e-06
-3.663e+02 1.000e+00 1.413e-06
-3.649e+02 1.000e+00 1.547e-06
-3.635e+02 1.000e+00 1.692e-06
-3.621e+02 1.000e+00 1.851e-06
-3.607e+02 1.000e+00 2.025e-06
-3.593e+02 1.000e+00 2.215e-06
-3.579e+02 1.000e+00 2.423e-06
-3.565e+02 1.000e+00 2.650e-06
-3.551e+02 1.000e+00 2.898e-06
-3.537e+02 1.000e+00 3.169e-06
-3.523e+02 1.000e+00 3.465e-06
-3.509e+02 1.000e+00 3.789e-06
-3.495e+02 1.000e+00 4.142e-06
-3.481e+02 1.000e+00 4.528e-06
-3.467e+02 1.000e+00 4.950e-06
-3.453e+02 1.000e+00 5.410e-06
-3.439e+02 1.000e+00 5.913e-06
-3.425e+02 1.000e+00 6.461e-06
-3.411e+02 1.000e+00 7.061e-06
-3.397e+02 1.000e+00 7.715e-06
-3.383e+02 1.000e+00 8.429e-06
-3.369e+02 1.000e+00 9.209e-06
-3.355e+02 1.000e+00 1.006e-05
-3.341e+02 1.000e+00 1.099e-05
-3.327e+02 1.000e+00 1.200e-05
-3.313e+02 1.000e+00 1.311e-05
-3.299e+02 1.000e+00 1.431e-05
-3.285e+02 1.000e+00 1.563e-05
-3.271e+02 1.000e+00 1.706e-05
-3.257e+02 1.000e+00 1.863e-05
-3.243e+02 1.000e+00 2.033e-05
-3.229e+02 1.000e+00 2.219e-05
-3.215e+02 1.000e+00 2.422e-05
-3.201e+02 1.000e+00 2.643e-05
-3.187e+02 1.000e+00 2.884e-05
-3.173e+02 1.000e+00 3.147e-05
-3.159e+02 1.000e+00 3.433e-05
-3.145e+02 1.000e+00 3.745e-05
-3.131e+02 1.000e+00 4.084e-05
-3.117e+02 1.000e+00 4.454e-05
-3.103e+02 1.000e+00 4.856e-05
-3.089e+02 9.999e-01 5.294e-05
-3.075e+02 9.999e-01 5.770e-05
-3.061e+02 9.999e-01 6.288e-05
-3.047e+02 9.999e-01 6.851e-05
-3.033e+02 9.999e-01 7.463e-05
-3.019e+02 9.999e-01 8.129e-05
-3.005e+02 9.999e-01 8.853e-05
-2.991e+02 9.999e-01 9.639e-05
-2.977e+02 9.999e-01 1.049e-04
-2.963e+02 9.999e-01 1.142e-04
-2.949e+02 9.999e-01 1.243e-04
-2.935e+02 9.999e-01 1.353e-04
-2.921e+02 9.999e-01 1.473e-04
-2.907e+02 9.998e-01 1.602e-04
-2.893e+02 9.998e-01 1.743e-04
-2.879e+02 9.998e-01 1.895e-04
-2.865e+02 9.998e-01 2.061e-04
-2.851e+02 9.998e-01 2.241e-04
-2.837e+02 9.998e-01 2.436e-04
-2.823e+02 9.997e-01 2.648e-04
-2.809e+02 9.997e-01 2.878e-04
-2.795e+02 9.997e-01 3.127e-04
-2.781e+02 9.997e-01 3.397e-04
-2.767e+02 9.996e-01 3.690e-04
-2.753e+02 9.996e-01 4.008e-04
-2.739e+02 9.996e-01 4.352e-04
-2.725e+02 9.995e-01 4.725e-04
-2.711e+02 9.995e-01 5.129e-04
-2.697e+02 9.994e-01 5.568e-04
-2.683e+02 9.994e-01 6.042e-04
-2.669e+02 9.993e-01 6.556e-04
-2.655e+02 9.993e-01 7.113e-04
-2.641e+02 9.992e-01 7.716e-04
-2.627e+02 9.992e-01 8.369e-04
-2.613e+02 9.991e-01 9.076e-04
-2.599e+02 9.990e-01 9.842e-04
-2.585e+02 9.989e-01 1.067e-03
-2.571e+02 9.988e-01 1.157e-03
-2.557e+02 9.987e-01 1.254e-03
-2.543e+02 9.986e-01 1.359e-03
-2.529e+02 9.985e-01 1.473e-03
-2.515e+02 9.984e-01 1.597e-03
-2.501e+02 9.983e-01 1.730e-03
-2.487e+02 9.981e-01 1.875e-03
-2.473e+02 9.980e-01 2.032e-03
-2.459e+02 9.978e-01 2.201e-03
-2.445e+02 9.976e-01 2.385e-03
-2.431e+02 9.974e-01 2.584e-03
-2.417e+02 9.972e-01 2.799e-03
-2.403e+02 9.970e-01 3.032e-03
-2.389e+02 9.967e-01 3.284e-03
-2.375e+02 9.964e-01 3.558e-03
-2.361e+02 9.962e-01 3.854e-03
-2.347e+02 9.958e-01 4.175e-03
-2.333e+02 9.955e-01 4.522e-03
-2.319e+02 9.951e-01 4.898e-03
-2.305e+02 9.947e-01 5.305e-03
-2.291e+02 9.943e-01 5.747e-03
-2.277e+02 9.938e-01 6.225e-03
-2.263e+02 9.933e-01 6.743e-03
-2.249e+02 9.927e-01 7.304e-03
-2.235e+02 9.921e-01 7.912e-03
-2.221e+02 9.915e-01 8.571e-03
-2.207e+02 9.908e-01 9.286e-03
-2.193e+02 9.900e-01 1.006e-02
-2.179e+02 9.892e-01 1.090e-02
-2.165e+02 9.883e-01 1.181e-02
-2.151e+02 9.873e-01 1.279e-02
-2.137e+02 9.862e-01 1.386e-02
-2.123e+02 9.851e-01 1.502e-02
-2.109e+02 9.839e-01 1.627e-02
-2.095e+02 9.825e-01 1.763e-02
-2.081e+02 9.811e-01 1.911e-02
-2.067e+02 9.795e-01 2.071e-02
-2.053e+02 9.778e-01 2.244e-02
-2.039e+02 9.760e-01 2.432e-02
-2.025e+02 9.740e-01 2.636e-02
-2.011e+02 9.718e-01 2.858e-02
-1.997e+02 9.695e-01 3.097e-02
-1.983e+02 9.670e-01 3.358e-02
-1.969e+02 9.643e-01 3.640e-02
-1.955e+02 9.613e-01 3.946e-02
-1.941e+02 9.581e-01 4.278e-02
-1.927e+02 9.547e-01 4.639e-02
-1.914e+02 9.509e-01 5.030e-02
-1.900e+02 9.469e-01 5.453e-02
-1.886e+02 9.426e-01 5.913e-02
-1.872e+02 9.379e-01 6.412e-02
-1.858e+02 9.328e-01 6.952e-02
-1.844e+02 9.274e-01 7.538e-02
-1.830e+02 9.215e-01 8.173e-02
-1.816e+02 9.152e-01 8.861e-02
-1.802e+02 9.084e-01 9.606e-02
-1.788e+02 9.011e-01 1.041e-01
-1.774e+02 8.933e-01 1.129e-01
-1.760e+02 8.849e-01 1.223e-01
-1.746e+02 8.759e-01 1.325e-01
-1.732e+02 8.663e-01 1.436e-01
-1.718e+02 8.560e-01 1.555e-01
-1.704e+02 8.451e-01 1.683e-01
-1.690e+02 8.335e-01 1.822e-01
-1.676e+02 8.211e-01 1.971e-01
-1.662e+02 8.081e-01 2.131e-01
-1.648e+02 7.942e-01 2.304e-01
-1.634e+02 7.797e-01 2.489e-01
-1.620e+02 7.644e-01 2.687e-01
-1.606e+02 7.484e-01 2.899e-01
-1.592e+02 7.316e-01 3.125e-01
-1.578e+02 7.141e-01 3.367e-01
-1.564e+02 6.960e-01 3.624e-01
-1.550e+02 6.772e-01 3.898e-01
-1.536e+02 6.578e-01 4.189e-01
-1.522e+02 6.378e-01 4.497e-01
-1.508e+02 6.174e-01 4.822e-01
-1.494e+02 5.966e-01 5.166e-01
-1.480e+02 5.754e-01 5.528e-01
-1.466e+02 5.539e-01 5.908e-01
-1.452e+02 5.322e-01 6.308e-01
-1.438e+02 5.103e-01 6.727e-01
-1.424e+02 4.885e-01 7.165e-01
-1.410e+02 4.666e-01 7.622e-01
-1.396e+02 4.449e-01 8.099e-01
-1.382e+02 4.234e-01 8.595e-01
-1.368e+02 4.021e-01 9.110e-01
-1.354e+02 3.812e-01 9.645e-01
-1.340e+02 3.607e-01 1.020e+00
-1.326e+02 3.406e-01 1.077e+00
-1.312e+02 3.211e-01 1.136e+00
-1.298e+02 3.022e-01 1.197e+00
-1.284e+02 2.839e-01 1.259e+00
-1.270e+02 2.663e-01 1.323e+00
-1.256e+02 2.494e-01 1.388e+00
-1.242e+02 2.333e-01 1.456e+00
-1.228e+02 2.178e-01 1.524e+00
-1.214e+02 2.030e-01 1.594e+00
-1.200e+02 1.888e-01 1.667e+00
-1.186e+02 1.751e-01 1.742e+00
-1.172e+02 1.617e-01 1.822e+00
-1.158e+02 1.483e-01 1.909e+00
-1.144e+02 1.345e-01 2.006e+00
-1.130e+02 1.200e-01 2.120e+00
-1.116e+02 1.043e-01 2.260e+00
-1.102e+02 8.729e-02 2.439e+00
-1.088e+02 6.914e-02 2.672e+00
-1.074e+02 5.076e-02 2.981e+00
-1.060e+02 3.367e-02 3.391e+00
-1.046e+02 1.962e-02 3.931e+00
-1.032e+02 9.758e-03 4.630e+00
-1.018e+02 4.031e-03 5.514e+00
-1.004e+02 1.357e-03 6.602e+00
-9.895e+01 3.695e-04 7.903e+00
-9.755e+01 8.212e-05 9.407e+00
-9.615e+01 1.535e-05 1.108e+01
-9.475e+01 2.539e-06 1.288e+01
-9.335e+01 3.995e-07 1.473e+01
-9.195e+01 6.524e-08 1.655e+01
-9.055e+01 1.216e-08 1.823e+01
-8.915e+01 2.836e-09 1.968e+01
-8.775e+01 8.967e-10 2.083e+01
-8.635e+01 4.072e-10 2.162e+01
-8.496e+01 2.734e-10 2.202e+01
-8.356e+01 2.713e-10 2.203e+01
-8.216e+01 3.861e-10 2.168e+01
-8.076e+01 7.482e-10 2.101e+01
-7.936e+01 1.848e-09 2.011e+01
-7.796e+01 5.419e-09 1.903e+01
-7.656e+01 1.764e-08 1.785e+01
-7.516e+01 6.016e-08 1.663e+01
-7.376e+01 2.058e-07 1.540e+01
-7.236e+01 6.858e-07 1.419e+01
-7.096e+01 2.187e-06 1.303e+01
-6.956e+01 6.628e-06 1.192e+01
-6.816e+01 1.905e-05 1.087e+01
-6.676e+01 5.195e-05 9.865e+00
-6.536e+01 1.347e-04 8.913e+00
-6.396e+01 3.314e-04 8.012e+00
-6.256e+01 7.728e-04 7.165e+00
-6.116e+01 1.701e-03 6.377e+00
-5.976e+01 3.515e-03 5.651e+00
-5.836e+01 6.790e-03 4.992e+00
-5.696e+01 1.221e-02 4.405e+00
-5.556e+01 2.042e-02 3.891e+00
-5.416e+01 3.169e-02 3.452e+00
-5.276e+01 4.577e-02 3.084e+00
-5.136e+01 6.169e-02 2.786e+00
-4.996e+01 7.799e-02 2.551e+00
-4.856e+01 9.300e-02 2.375e+00
-4.716e+01 1.053e-01 2.251e+00
-4.576e+01 1.139e-01 2.172e+00
-4.436e+01 1.185e-01 2.133e+00
-4.296e+01 1.194e-01 2.125e+00
-4.156e+01 1.171e-01 2.144e+00
-4.016e+01 1.124e-01 2.185e+00
-3.876e+01 1.061e-01 2.243e+00
-3.736e+01 9.885e-02 2.314e+00
-3.596e+01 9.121e-02 2.395e+00
-3.456e+01 8.358e-02 2.482e+00
-3.316e+01 7.625e-02 2.574e+00
-3.176e+01 6.935e-02 2.669e+00
-3.036e+01 6.296e-02 2.765e+00
-2.896e+01 5.709e-02 2.863e+00
-2.756e+01 5.170e-02 2.962e+00
-2.616e+01 4.673e-02 3.063e+00
-2.476e+01 4.210e-02 3.168e+00
-2.336e+01 3.773e-02 3.277e+00
-2.196e+01 3.355e-02 3.395e+00
-2.056e+01 2.948e-02 3.524e+00
-1.916e+01 2.549e-02 3.670e+00
-1.776e+01 2.152e-02 3.839e+00
-1.636e+01 1.757e-02 4.041e+00
-1.496e+01 1.365e-02 4.294e+00
-1.356e+01 9.819e-03 4.623e+00
-1.216e+01 6.259e-03 5.074e+00
-1.076e+01 3.286e-03 5.718e+00
-9.359e+00 1.263e-03 6.674e+00
-7.959e+00 2.970e-04 8.122e+00
-6.559e+00 3.284e-05 1.032e+01
-5.159e+00 1.192e-06 1.364e+01
-3.759e+00 9.000e-09 1.853e+01
-2.359e+00 8.347e-12 2.551e+01
-9.590e-01 5.561e-16 3.513e+01
4.410e-01 1.706e-21 4.782e+01
1.841e+00 1.937e-28 6.381e+01
