# snap_directory log_total_column_density(cm^-2) curr_spectrum ion  radius(kpc) gal_R200(kpc) gal_M200(log10(M/10^10*M_sol))
# /cosma5/data/dp004/dc-oppe1/data/Halo_x001/data_005_x001_eagle.NEQ.snap023restart 20.185 Spectrum0 h1 35.570 242.204 12.221
# velocity_array(km/s) ion_flux optical_depth
-4.998e+02 1.000e+00 5.330e-06
-4.984e+02 1.000e+00 5.608e-06
-4.970e+02 1.000e+00 5.900e-06
-4.956e+02 1.000e+00 6.207e-06
-4.942e+02 1.000e+00 6.530e-06
-4.928e+02 1.000e+00 6.868e-06
-4.914e+02 1.000e+00 7.224e-06
-4.900e+02 1.000e+00 7.597e-06
-4.886e+02 1.000e+00 7.989e-06
-4.872e+02 1.000e+00 8.401e-06
-4.858e+02 1.000e+00 8.833e-06
-4.844e+02 1.000e+00 9.287e-06
-4.830e+02 1.000e+00 9.763e-06
-4.816e+02 1.000e+00 1.026e-05
-4.802e+02 1.000e+00 1.079e-05
-4.788e+02 1.000e+00 1.134e-05
-4.774e+02 1.000e+00 1.191e-05
-4.760e+02 1.000e+00 1.252e-05
-4.746e+02 1.000e+00 1.316e-05
-4.732e+02 1.000e+00 1.382e-05
-4.718e+02 1.000e+00 1.452e-05
-4.704e+02 1.000e+00 1.525e-05
-4.690e+02 1.000e+00 1.602e-05
-4.676e+02 1.000e+00 1.683e-05
-4.662e+02 1.000e+00 1.767e-05
-4.648e+02 1.000e+00 1.856e-05
-4.634e+02 1.000e+00 1.949e-05
-4.620e+02 1.000e+00 2.046e-05
-4.606e+02 1.000e+00 2.148e-05
-4.592e+02 1.000e+00 2.255e-05
-4.578e+02 1.000e+00 2.367e-05
-4.564e+02 1.000e+00 2.484e-05
-4.550e+02 1.000e+00 2.607e-05
-4.536e+02 1.000e+00 2.735e-05
-4.522e+02 1.000e+00 2.870e-05
-4.508e+02 1.000e+00 3.011e-05
-4.494e+02 1.000e+00 3.159e-05
-4.480e+02 1.000e+00 3.314e-05
-4.466e+02 1.000e+00 3.476e-05
-4.452e+02 1.000e+00 3.645e-05
-4.438e+02 1.000e+00 3.823e-05
-4.424e+02 1.000e+00 4.008e-05
-4.410e+02 1.000e+00 4.203e-05
-4.396e+02 1.000e+00 4.406e-05
-4.382e+02 1.000e+00 4.619e-05
-4.368e+02 1.000e+00 4.841e-05
-4.354e+02 9.999e-01 5.074e-05
-4.340e+02 9.999e-01 5.318e-05
-4.326e+02 9.999e-01 5.572e-05
-4.312e+02 9.999e-01 5.838e-05
-4.298e+02 9.999e-01 6.117e-05
-4.284e+02 9.999e-01 6.408e-05
-4.270e+02 9.999e-01 6.712e-05
-4.256e+02 9.999e-01 7.030e-05
-4.242e+02 9.999e-01 7.362e-05
-4.228e+02 9.999e-01 7.709e-05
-4.214e+02 9.999e-01 8.072e-05
-4.200e+02 9.999e-01 8.451e-05
-4.186e+02 9.999e-01 8.847e-05
-4.172e+02 9.999e-01 9.261e-05
-4.158e+02 9.999e-01 9.693e-05
-4.144e+02 9.999e-01 1.014e-04
-4.130e+02 9.999e-01 1.061e-04
-4.116e+02 9.999e-01 1.111e-04
-4.102e+02 9.999e-01 1.162e-04
-4.088e+02 9.999e-01 1.216e-04
-4.074e+02 9.999e-01 1.271e-04
-4.060e+02 9.999e-01 1.330e-04
-4.046e+02 9.999e-01 1.391e-04
-4.032e+02 9.999e-01 1.454e-04
-4.018e+02 9.998e-01 1.520e-04
-4.004e+02 9.998e-01 1.590e-04
-3.990e+02 9.998e-01 1.662e-04
-3.976e+02 9.998e-01 1.737e-04
-3.962e+02 9.998e-01 1.815e-04
-3.948e+02 9.998e-01 1.897e-04
-3.934e+02 9.998e-01 1.982e-04
-3.920e+02 9.998e-01 2.071e-04
-3.906e+02 9.998e-01 2.163e-04
-3.892e+02 9.998e-01 2.260e-04
-3.878e+02 9.998e-01 2.360e-04
-3.864e+02 9.998e-01 2.465e-04
-3.850e+02 9.997e-01 2.574e-04
-3.836e+02 9.997e-01 2.688e-04
-3.822e+02 9.997e-01 2.806e-04
-3.808e+02 9.997e-01 2.929e-04
-3.794e+02 9.997e-01 3.057e-04
-3.780e+02 9.997e-01 3.191e-04
-3.766e+02 9.997e-01 3.330e-04
-3.752e+02 9.997e-01 3.475e-04
-3.738e+02 9.996e-01 3.626e-04
-3.724e+02 9.996e-01 3.782e-04
-3.710e+02 9.996e-01 3.946e-04
-3.696e+02 9.996e-01 4.115e-04
-3.682e+02 9.996e-01 4.292e-04
-3.668e+02 9.996e-01 4.476e-04
-3.654e+02 9.995e-01 4.667e-04
-3.640e+02 9.995e-01 4.866e-04
-3.626e+02 9.995e-01 5.072e-04
-3.612e+02 9.995e-01 5.287e-04
-3.598e+02 9.994e-01 5.511e-04
-3.584e+02 9.994e-01 5.743e-04
-3.570e+02 9.994e-01 5.985e-04
-3.556e+02 9.994e-01 6.236e-04
-3.542e+02 9.994e-01 6.497e-04
-3.528e+02 9.993e-01 6.768e-04
-3.514e+02 9.993e-01 7.050e-04
-3.500e+02 9.993e-01 7.342e-04
-3.486e+02 9.992e-01 7.646e-04
-3.472e+02 9.992e-01 7.962e-04
-3.458e+02 9.992e-01 8.291e-04
-3.444e+02 9.991e-01 8.631e-04
-3.430e+02 9.991e-01 8.985e-04
-3.416e+02 9.991e-01 9.353e-04
-3.402e+02 9.990e-01 9.735e-04
-3.388e+02 9.990e-01 1.013e-03
-3.374e+02 9.989e-01 1.054e-03
-3.360e+02 9.989e-01 1.097e-03
-3.346e+02 9.989e-01 1.141e-03
-3.332e+02 9.988e-01 1.187e-03
-3.318e+02 9.988e-01 1.235e-03
-3.304e+02 9.987e-01 1.285e-03
-3.290e+02 9.987e-01 1.336e-03
-3.276e+02 9.986e-01 1.390e-03
-3.262e+02 9.986e-01 1.445e-03
-3.248e+02 9.985e-01 1.503e-03
-3.234e+02 9.984e-01 1.562e-03
-3.220e+02 9.984e-01 1.624e-03
-3.206e+02 9.983e-01 1.689e-03
-3.192e+02 9.982e-01 1.755e-03
-3.178e+02 9.982e-01 1.824e-03
-3.164e+02 9.981e-01 1.896e-03
-3.150e+02 9.980e-01 1.971e-03
-3.136e+02 9.980e-01 2.048e-03
-3.122e+02 9.979e-01 2.128e-03
-3.108e+02 9.978e-01 2.212e-03
-3.094e+02 9.977e-01 2.298e-03
-3.080e+02 9.976e-01 2.388e-03
-3.066e+02 9.975e-01 2.481e-03
-3.052e+02 9.974e-01 2.577e-03
-3.038e+02 9.973e-01 2.677e-03
-3.024e+02 9.972e-01 2.781e-03
-3.010e+02 9.971e-01 2.889e-03
-2.996e+02 9.970e-01 3.002e-03
-2.982e+02 9.969e-01 3.118e-03
-2.968e+02 9.968e-01 3.239e-03
-2.954e+02 9.966e-01 3.364e-03
-2.940e+02 9.965e-01 3.495e-03
-2.926e+02 9.964e-01 3.630e-03
-2.912e+02 9.962e-01 3.771e-03
-2.898e+02 9.961e-01 3.917e-03
-2.884e+02 9.959e-01 4.069e-03
-2.870e+02 9.958e-01 4.226e-03
-2.856e+02 9.956e-01 4.390e-03
-2.842e+02 9.954e-01 4.561e-03
-2.828e+02 9.953e-01 4.738e-03
-2.814e+02 9.951e-01 4.923e-03
-2.800e+02 9.949e-01 5.115e-03
-2.786e+02 9.947e-01 5.315e-03
-2.772e+02 9.945e-01 5.523e-03
-2.758e+02 9.943e-01 5.739e-03
-2.744e+02 9.941e-01 5.964e-03
-2.730e+02 9.938e-01 6.199e-03
-2.716e+02 9.936e-01 6.444e-03
-2.702e+02 9.933e-01 6.699e-03
-2.688e+02 9.931e-01 6.964e-03
-2.674e+02 9.928e-01 7.241e-03
-2.660e+02 9.925e-01 7.530e-03
-2.646e+02 9.922e-01 7.832e-03
-2.632e+02 9.919e-01 8.146e-03
-2.618e+02 9.916e-01 8.474e-03
-2.604e+02 9.912e-01 8.817e-03
-2.590e+02 9.909e-01 9.175e-03
-2.576e+02 9.905e-01 9.549e-03
-2.562e+02 9.901e-01 9.939e-03
-2.548e+02 9.897e-01 1.035e-02
-2.534e+02 9.893e-01 1.077e-02
-2.520e+02 9.888e-01 1.122e-02
-2.506e+02 9.884e-01 1.169e-02
-2.492e+02 9.879e-01 1.218e-02
-2.478e+02 9.874e-01 1.269e-02
-2.464e+02 9.869e-01 1.322e-02
-2.450e+02 9.863e-01 1.378e-02
-2.436e+02 9.857e-01 1.437e-02
-2.422e+02 9.851e-01 1.498e-02
-2.408e+02 9.845e-01 1.562e-02
-2.394e+02 9.838e-01 1.630e-02
-2.380e+02 9.831e-01 1.701e-02
-2.366e+02 9.824e-01 1.775e-02
-2.352e+02 9.816e-01 1.853e-02
-2.338e+02 9.808e-01 1.934e-02
-2.324e+02 9.800e-01 2.020e-02
-2.310e+02 9.791e-01 2.111e-02
-2.296e+02 9.782e-01 2.205e-02
-2.282e+02 9.772e-01 2.305e-02
-2.268e+02 9.762e-01 2.408e-02
-2.254e+02 9.751e-01 2.517e-02
-2.240e+02 9.740e-01 2.631e-02
-2.226e+02 9.729e-01 2.750e-02
-2.212e+02 9.717e-01 2.873e-02
-2.198e+02 9.704e-01 3.002e-02
-2.184e+02 9.691e-01 3.136e-02
-2.170e+02 9.678e-01 3.276e-02
-2.156e+02 9.663e-01 3.423e-02
-2.142e+02 9.649e-01 3.577e-02
-2.128e+02 9.633e-01 3.739e-02
-2.114e+02 9.617e-01 3.910e-02
-2.100e+02 9.599e-01 4.088e-02
-2.086e+02 9.581e-01 4.276e-02
-2.072e+02 9.562e-01 4.474e-02
-2.058e+02 9.543e-01 4.680e-02
-2.044e+02 9.522e-01 4.897e-02
-2.030e+02 9.500e-01 5.124e-02
-2.016e+02 9.478e-01 5.362e-02
-2.002e+02 9.454e-01 5.612e-02
-1.988e+02 9.430e-01 5.874e-02
-1.974e+02 9.404e-01 6.149e-02
-1.960e+02 9.377e-01 6.436e-02
-1.946e+02 9.349e-01 6.736e-02
-1.932e+02 9.320e-01 7.048e-02
-1.918e+02 9.289e-01 7.372e-02
-1.904e+02 9.258e-01 7.708e-02
-1.890e+02 9.226e-01 8.059e-02
-1.876e+02 9.192e-01 8.424e-02
-1.862e+02 9.157e-01 8.806e-02
-1.848e+02 9.121e-01 9.205e-02
-1.834e+02 9.083e-01 9.622e-02
-1.820e+02 9.043e-01 1.006e-01
-1.806e+02 9.002e-01 1.051e-01
-1.792e+02 8.959e-01 1.099e-01
-1.778e+02 8.915e-01 1.149e-01
-1.764e+02 8.869e-01 1.201e-01
-1.750e+02 8.821e-01 1.255e-01
-1.736e+02 8.771e-01 1.311e-01
-1.722e+02 8.719e-01 1.371e-01
-1.708e+02 8.665e-01 1.433e-01
-1.694e+02 8.608e-01 1.499e-01
-1.680e+02 8.548e-01 1.568e-01
-1.666e+02 8.486e-01 1.642e-01
-1.652e+02 8.420e-01 1.720e-01
-1.638e+02 8.351e-01 1.802e-01
-1.624e+02 8.277e-01 1.891e-01
-1.610e+02 8.200e-01 1.985e-01
-1.596e+02 8.118e-01 2.086e-01
-1.582e+02 8.030e-01 2.194e-01
-1.568e+02 7.938e-01 2.310e-01
-1.554e+02 7.839e-01 2.435e-01
-1.540e+02 7.733e-01 2.570e-01
-1.526e+02 7.621e-01 2.717e-01
-1.512e+02 7.501e-01 2.876e-01
-1.498e+02 7.372e-01 3.049e-01
-1.484e+02 7.234e-01 3.239e-01
-1.470e+02 7.085e-01 3.445e-01
-1.456e+02 6.927e-01 3.672e-01
-1.442e+02 6.757e-01 3.920e-01
-1.428e+02 6.575e-01 4.193e-01
-1.414e+02 6.382e-01 4.491e-01
-1.400e+02 6.176e-01 4.819e-01
-1.386e+02 5.958e-01 5.178e-01
-1.372e+02 5.728e-01 5.572e-01
-1.358e+02 5.486e-01 6.004e-01
-1.344e+02 5.233e-01 6.476e-01
-1.330e+02 4.970e-01 6.991e-01
-1.316e+02 4.698e-01 7.554e-01
-1.302e+02 4.419e-01 8.166e-01
-1.288e+02 4.135e-01 8.831e-01
-1.274e+02 3.847e-01 9.553e-01
-1.260e+02 3.559e-01 1.033e+00
-1.246e+02 3.272e-01 1.117e+00
-1.232e+02 2.989e-01 1.208e+00
-1.218e+02 2.713e-01 1.305e+00
-1.204e+02 2.446e-01 1.408e+00
-1.190e+02 2.190e-01 1.519e+00
-1.176e+02 1.948e-01 1.636e+00
-1.162e+02 1.720e-01 1.760e+00
-1.148e+02 1.509e-01 1.891e+00
-1.134e+02 1.316e-01 2.028e+00
-1.120e+02 1.139e-01 2.172e+00
-1.106e+02 9.809e-02 2.322e+00
-1.092e+02 8.396e-02 2.477e+00
-1.078e+02 7.149e-02 2.638e+00
-1.064e+02 6.058e-02 2.804e+00
-1.050e+02 5.112e-02 2.974e+00
-1.036e+02 4.297e-02 3.147e+00
-1.022e+02 3.598e-02 3.325e+00
-1.008e+02 2.999e-02 3.507e+00
-9.939e+01 2.484e-02 3.695e+00
-9.799e+01 2.033e-02 3.896e+00
-9.659e+01 1.627e-02 4.118e+00
-9.519e+01 1.247e-02 4.384e+00
-9.379e+01 8.809e-03 4.732e+00
-9.240e+01 5.340e-03 5.233e+00
-9.100e+01 2.455e-03 6.010e+00
-8.960e+01 6.925e-04 7.275e+00
-8.820e+01 8.434e-05 9.381e+00
-8.680e+01 2.509e-06 1.290e+01
-8.540e+01 7.428e-09 1.872e+01
-8.400e+01 5.514e-13 2.823e+01
-8.260e+01 1.310e-19 4.348e+01
-8.120e+01 5.026e-30 6.746e+01
-7.980e+01 4.617e-46 1.044e+02
-7.840e+01 3.214e-70 1.600e+02
-7.700e+01 8.351e-106 2.420e+02
-7.560e+01 4.787e-157 3.599e+02
-7.420e+01 3.776e-229 5.260e+02
-7.280e+01 0.000e+00 7.542e+02
-7.140e+01 0.000e+00 1.060e+03
-7.000e+01 0.000e+00 1.462e+03
-6.860e+01 0.000e+00 1.975e+03
-6.720e+01 0.000e+00 2.614e+03
-6.580e+01 0.000e+00 3.391e+03
-6.440e+01 0.000e+00 4.309e+03
-6.300e+01 0.000e+00 5.365e+03
-6.160e+01 0.000e+00 6.546e+03
-6.020e+01 0.000e+00 7.826e+03
-5.880e+01 0.000e+00 9.174e+03
-5.740e+01 0.000e+00 1.055e+04
-5.600e+01 0.000e+00 1.192e+04
-5.460e+01 0.000e+00 1.326e+04
-5.320e+01 0.000e+00 1.459e+04
-5.180e+01 0.000e+00 1.599e+04
-5.040e+01 0.000e+00 1.767e+04
-4.900e+01 0.000e+00 2.004e+04
-4.760e+01 0.000e+00 2.380e+04
-4.620e+01 0.000e+00 3.014e+04
-4.480e+01 0.000e+00 4.089e+04
-4.340e+01 0.000e+00 5.883e+04
-4.200e+01 0.000e+00 8.798e+04
-4.060e+01 0.000e+00 1.339e+05
-3.920e+01 0.000e+00 2.041e+05
-3.780e+01 0.000e+00 3.081e+05
-3.640e+01 0.000e+00 4.574e+05
-3.500e+01 0.000e+00 6.653e+05
-3.360e+01 0.000e+00 9.459e+05
-3.220e+01 0.000e+00 1.313e+06
-3.080e+01 0.000e+00 1.778e+06
-2.940e+01 0.000e+00 2.349e+06
-2.800e+01 0.000e+00 3.025e+06
-2.660e+01 0.000e+00 3.798e+06
-2.520e+01 0.000e+00 4.649e+06
-2.380e+01 0.000e+00 5.546e+06
-2.240e+01 0.000e+00 6.450e+06
-2.100e+01 0.000e+00 7.311e+06
-1.960e+01 0.000e+00 8.078e+06
-1.820e+01 0.000e+00 8.701e+06
-1.680e+01 0.000e+00 9.134e+06
-1.540e+01 0.000e+00 9.347e+06
-1.400e+01 0.000e+00 9.324e+06
-1.260e+01 0.000e+00 9.065e+06
-1.120e+01 0.000e+00 8.591e+06
-9.799e+00 0.000e+00 7.936e+06
-8.399e+00 0.000e+00 7.146e+06
-6.999e+00 0.000e+00 6.272e+06
-5.599e+00 0.000e+00 5.365e+06
-4.199e+00 0.000e+00 4.474e+06
-2.799e+00 0.000e+00 3.637e+06
-1.399e+00 0.000e+00 2.881e+06
6.283e-04 0.000e+00 2.225e+06
1.401e+00 0.000e+00 1.675e+06
2.800e+00 0.000e+00 1.229e+06
4.200e+00 0.000e+00 8.790e+05
5.600e+00 0.000e+00 6.128e+05
7.000e+00 0.000e+00 4.164e+05
8.400e+00 0.000e+00 2.758e+05
9.800e+00 0.000e+00 1.781e+05
1.120e+01 0.000e+00 1.121e+05
1.260e+01 0.000e+00 6.874e+04
1.400e+01 0.000e+00 4.110e+04
1.540e+01 0.000e+00 2.396e+04
1.680e+01 0.000e+00 1.361e+04
1.820e+01 0.000e+00 7.539e+03
1.960e+01 0.000e+00 4.071e+03
2.100e+01 0.000e+00 2.143e+03
2.240e+01 0.000e+00 1.100e+03
2.380e+01 3.530e-240 5.514e+02
2.520e+01 6.130e-118 2.699e+02
2.660e+01 6.576e-57 1.294e+02
2.800e+01 3.193e-27 6.101e+01
2.940e+01 3.827e-13 2.859e+01
3.080e+01 1.265e-06 1.358e+01
3.220e+01 1.147e-03 6.771e+00
3.360e+01 2.415e-02 3.724e+00
3.500e+01 9.455e-02 2.359e+00
3.640e+01 1.777e-01 1.728e+00
3.780e+01 2.438e-01 1.411e+00
3.920e+01 2.927e-01 1.228e+00
4.060e+01 3.318e-01 1.103e+00
4.200e+01 3.663e-01 1.004e+00
4.340e+01 3.987e-01 9.195e-01
4.480e+01 4.301e-01 8.437e-01
4.620e+01 4.608e-01 7.749e-01
4.760e+01 4.907e-01 7.120e-01
4.900e+01 5.197e-01 6.546e-01
5.040e+01 5.476e-01 6.022e-01
5.180e+01 5.744e-01 5.545e-01
5.320e+01 5.998e-01 5.112e-01
5.460e+01 6.238e-01 4.720e-01
5.600e+01 6.463e-01 4.365e-01
5.740e+01 6.673e-01 4.046e-01
5.880e+01 6.868e-01 3.758e-01
6.020e+01 7.048e-01 3.499e-01
6.160e+01 7.213e-01 3.267e-01
6.300e+01 7.364e-01 3.059e-01
6.440e+01 7.503e-01 2.873e-01
6.580e+01 7.628e-01 2.707e-01
6.720e+01 7.742e-01 2.559e-01
6.860e+01 7.846e-01 2.426e-01
7.000e+01 7.939e-01 2.308e-01
7.140e+01 8.024e-01 2.202e-01
7.280e+01 8.100e-01 2.107e-01
7.420e+01 8.169e-01 2.023e-01
7.560e+01 8.231e-01 1.947e-01
7.700e+01 8.288e-01 1.878e-01
7.840e+01 8.339e-01 1.817e-01
7.980e+01 8.385e-01 1.761e-01
8.120e+01 8.428e-01 1.710e-01
8.260e+01 8.467e-01 1.664e-01
8.400e+01 8.503e-01 1.622e-01
8.540e+01 8.536e-01 1.583e-01
8.680e+01 8.567e-01 1.547e-01
8.820e+01 8.596e-01 1.513e-01
8.960e+01 8.622e-01 1.482e-01
9.100e+01 8.648e-01 1.453e-01
9.240e+01 8.672e-01 1.425e-01
9.380e+01 8.695e-01 1.399e-01
9.520e+01 8.717e-01 1.373e-01
9.660e+01 8.738e-01 1.349e-01
9.800e+01 8.758e-01 1.326e-01
9.940e+01 8.778e-01 1.304e-01
1.008e+02 8.797e-01 1.282e-01
1.022e+02 8.816e-01 1.261e-01
1.036e+02 8.834e-01 1.240e-01
1.050e+02 8.851e-01 1.220e-01
1.064e+02 8.869e-01 1.200e-01
1.078e+02 8.886e-01 1.181e-01
1.092e+02 8.903e-01 1.162e-01
1.106e+02 8.920e-01 1.143e-01
1.120e+02 8.936e-01 1.125e-01
1.134e+02 8.952e-01 1.107e-01
1.148e+02 8.968e-01 1.089e-01
1.162e+02 8.984e-01 1.071e-01
1.176e+02 9.000e-01 1.054e-01
1.190e+02 9.016e-01 1.036e-01
1.204e+02 9.031e-01 1.019e-01
1.218e+02 9.046e-01 1.002e-01
1.232e+02 9.062e-01 9.853e-02
1.246e+02 9.077e-01 9.687e-02
1.260e+02 9.092e-01 9.522e-02
1.274e+02 9.107e-01 9.359e-02
1.288e+02 9.121e-01 9.197e-02
1.302e+02 9.136e-01 9.037e-02
1.316e+02 9.151e-01 8.878e-02
1.330e+02 9.165e-01 8.720e-02
1.344e+02 9.179e-01 8.564e-02
1.358e+02 9.193e-01 8.409e-02
1.372e+02 9.208e-01 8.255e-02
1.386e+02 9.222e-01 8.103e-02
1.400e+02 9.236e-01 7.952e-02
1.414e+02 9.249e-01 7.802e-02
1.428e+02 9.263e-01 7.654e-02
1.442e+02 9.277e-01 7.507e-02
1.456e+02 9.290e-01 7.361e-02
1.470e+02 9.304e-01 7.216e-02
1.484e+02 9.317e-01 7.073e-02
1.498e+02 9.330e-01 6.931e-02
1.512e+02 9.343e-01 6.791e-02
1.526e+02 9.357e-01 6.651e-02
1.540e+02 9.369e-01 6.513e-02
1.554e+02 9.382e-01 6.377e-02
1.568e+02 9.395e-01 6.242e-02
1.582e+02 9.408e-01 6.108e-02
1.596e+02 9.420e-01 5.975e-02
1.610e+02 9.432e-01 5.844e-02
1.624e+02 9.445e-01 5.715e-02
1.638e+02 9.457e-01 5.586e-02
1.652e+02 9.469e-01 5.460e-02
1.666e+02 9.481e-01 5.334e-02
1.680e+02 9.492e-01 5.211e-02
1.694e+02 9.504e-01 5.088e-02
1.708e+02 9.515e-01 4.968e-02
1.722e+02 9.527e-01 4.849e-02
1.736e+02 9.538e-01 4.731e-02
1.750e+02 9.549e-01 4.615e-02
1.764e+02 9.560e-01 4.500e-02
1.778e+02 9.571e-01 4.388e-02
1.792e+02 9.581e-01 4.276e-02
1.806e+02 9.592e-01 4.167e-02
1.820e+02 9.602e-01 4.059e-02
1.834e+02 9.612e-01 3.952e-02
1.848e+02 9.623e-01 3.848e-02
1.862e+02 9.632e-01 3.745e-02
1.876e+02 9.642e-01 3.643e-02
1.890e+02 9.652e-01 3.544e-02
1.904e+02 9.661e-01 3.446e-02
1.918e+02 9.671e-01 3.350e-02
1.932e+02 9.680e-01 3.255e-02
1.946e+02 9.689e-01 3.163e-02
1.960e+02 9.698e-01 3.072e-02
1.974e+02 9.706e-01 2.982e-02
1.988e+02 9.715e-01 2.895e-02
2.002e+02 9.723e-01 2.809e-02
2.016e+02 9.731e-01 2.725e-02
2.030e+02 9.739e-01 2.642e-02
2.044e+02 9.747e-01 2.562e-02
2.058e+02 9.755e-01 2.483e-02
2.072e+02 9.762e-01 2.405e-02
2.086e+02 9.770e-01 2.330e-02
2.100e+02 9.777e-01 2.256e-02
2.114e+02 9.784e-01 2.184e-02
2.128e+02 9.791e-01 2.113e-02
2.142e+02 9.798e-01 2.045e-02
2.156e+02 9.804e-01 1.977e-02
2.170e+02 9.811e-01 1.912e-02
2.184e+02 9.817e-01 1.848e-02
2.198e+02 9.823e-01 1.786e-02
2.212e+02 9.829e-01 1.725e-02
2.226e+02 9.835e-01 1.666e-02
2.240e+02 9.840e-01 1.608e-02
2.254e+02 9.846e-01 1.552e-02
2.268e+02 9.851e-01 1.497e-02
2.282e+02 9.857e-01 1.444e-02
2.296e+02 9.862e-01 1.393e-02
2.310e+02 9.867e-01 1.343e-02
2.324e+02 9.871e-01 1.294e-02
2.338e+02 9.876e-01 1.247e-02
2.352e+02 9.881e-01 1.201e-02
2.366e+02 9.885e-01 1.156e-02
2.380e+02 9.889e-01 1.113e-02
2.394e+02 9.893e-01 1.071e-02
2.408e+02 9.897e-01 1.031e-02
2.422e+02 9.901e-01 9.916e-03
2.436e+02 9.905e-01 9.536e-03
2.450e+02 9.909e-01 9.167e-03
2.464e+02 9.912e-01 8.811e-03
2.478e+02 9.916e-01 8.467e-03
2.492e+02 9.919e-01 8.133e-03
2.506e+02 9.922e-01 7.811e-03
2.520e+02 9.925e-01 7.500e-03
2.534e+02 9.928e-01 7.200e-03
2.548e+02 9.931e-01 6.910e-03
2.562e+02 9.934e-01 6.630e-03
2.576e+02 9.937e-01 6.360e-03
2.590e+02 9.939e-01 6.099e-03
2.604e+02 9.942e-01 5.848e-03
2.618e+02 9.944e-01 5.606e-03
2.632e+02 9.946e-01 5.373e-03
2.646e+02 9.949e-01 5.148e-03
2.660e+02 9.951e-01 4.932e-03
2.674e+02 9.953e-01 4.724e-03
2.688e+02 9.955e-01 4.524e-03
2.702e+02 9.957e-01 4.331e-03
2.716e+02 9.959e-01 4.146e-03
2.730e+02 9.960e-01 3.968e-03
2.744e+02 9.962e-01 3.797e-03
2.758e+02 9.964e-01 3.633e-03
2.772e+02 9.965e-01 3.475e-03
2.786e+02 9.967e-01 3.324e-03
2.800e+02 9.968e-01 3.179e-03
2.814e+02 9.970e-01 3.039e-03
2.828e+02 9.971e-01 2.906e-03
2.842e+02 9.972e-01 2.777e-03
2.856e+02 9.973e-01 2.655e-03
2.870e+02 9.975e-01 2.537e-03
2.884e+02 9.976e-01 2.424e-03
2.898e+02 9.977e-01 2.316e-03
2.912e+02 9.978e-01 2.212e-03
2.926e+02 9.979e-01 2.113e-03
2.940e+02 9.980e-01 2.018e-03
2.954e+02 9.981e-01 1.928e-03
2.968e+02 9.982e-01 1.841e-03
2.982e+02 9.982e-01 1.758e-03
2.996e+02 9.983e-01 1.678e-03
3.010e+02 9.984e-01 1.602e-03
3.024e+02 9.985e-01 1.530e-03
3.038e+02 9.985e-01 1.460e-03
3.052e+02 9.986e-01 1.394e-03
3.066e+02 9.987e-01 1.331e-03
3.080e+02 9.987e-01 1.270e-03
3.094e+02 9.988e-01 1.212e-03
3.108e+02 9.988e-01 1.157e-03
3.122e+02 9.989e-01 1.104e-03
3.136e+02 9.989e-01 1.054e-03
3.150e+02 9.990e-01 1.006e-03
3.164e+02 9.990e-01 9.604e-04
3.178e+02 9.991e-01 9.167e-04
3.192e+02 9.991e-01 8.749e-04
3.206e+02 9.992e-01 8.352e-04
3.220e+02 9.992e-01 7.972e-04
3.234e+02 9.992e-01 7.610e-04
3.248e+02 9.993e-01 7.264e-04
3.262e+02 9.993e-01 6.935e-04
3.276e+02 9.993e-01 6.621e-04
3.290e+02 9.994e-01 6.321e-04
3.304e+02 9.994e-01 6.035e-04
3.318e+02 9.994e-01 5.763e-04
3.332e+02 9.994e-01 5.503e-04
3.346e+02 9.995e-01 5.256e-04
3.360e+02 9.995e-01 5.020e-04
3.374e+02 9.995e-01 4.794e-04
3.388e+02 9.995e-01 4.580e-04
3.402e+02 9.996e-01 4.375e-04
3.416e+02 9.996e-01 4.180e-04
3.430e+02 9.996e-01 3.994e-04
3.444e+02 9.996e-01 3.816e-04
3.458e+02 9.996e-01 3.647e-04
3.472e+02 9.997e-01 3.486e-04
3.486e+02 9.997e-01 3.332e-04
3.500e+02 9.997e-01 3.185e-04
3.514e+02 9.997e-01 3.045e-04
3.528e+02 9.997e-01 2.912e-04
3.542e+02 9.997e-01 2.784e-04
3.556e+02 9.997e-01 2.663e-04
3.570e+02 9.997e-01 2.547e-04
3.584e+02 9.998e-01 2.436e-04
3.598e+02 9.998e-01 2.331e-04
3.612e+02 9.998e-01 2.230e-04
3.626e+02 9.998e-01 2.134e-04
3.640e+02 9.998e-01 2.042e-04
3.654e+02 9.998e-01 1.954e-04
3.668e+02 9.998e-01 1.871e-04
3.682e+02 9.998e-01 1.791e-04
3.696e+02 9.998e-01 1.714e-04
3.710e+02 9.998e-01 1.641e-04
3.724e+02 9.998e-01 1.572e-04
3.738e+02 9.998e-01 1.505e-04
3.752e+02 9.999e-01 1.442e-04
3.766e+02 9.999e-01 1.381e-04
3.780e+02 9.999e-01 1.323e-04
3.794e+02 9.999e-01 1.267e-04
3.808e+02 9.999e-01 1.214e-04
3.822e+02 9.999e-01 1.163e-04
3.836e+02 9.999e-01 1.115e-04
3.850e+02 9.999e-01 1.068e-04
3.864e+02 9.999e-01 1.024e-04
3.878e+02 9.999e-01 9.815e-05
3.892e+02 9.999e-01 9.408e-05
3.906e+02 9.999e-01 9.018e-05
3.920e+02 9.999e-01 8.646e-05
3.934e+02 9.999e-01 8.289e-05
3.948e+02 9.999e-01 7.947e-05
3.962e+02 9.999e-01 7.620e-05
3.976e+02 9.999e-01 7.307e-05
3.990e+02 9.999e-01 7.007e-05
4.004e+02 9.999e-01 6.719e-05
4.018e+02 9.999e-01 6.444e-05
4.032e+02 9.999e-01 6.180e-05
4.046e+02 9.999e-01 5.927e-05
4.060e+02 9.999e-01 5.684e-05
4.074e+02 9.999e-01 5.452e-05
4.088e+02 9.999e-01 5.229e-05
4.102e+02 9.999e-01 5.016e-05
4.116e+02 1.000e+00 4.811e-05
4.130e+02 1.000e+00 4.615e-05
4.144e+02 1.000e+00 4.427e-05
4.158e+02 1.000e+00 4.246e-05
4.172e+02 1.000e+00 4.073e-05
4.186e+02 1.000e+00 3.907e-05
4.200e+02 1.000e+00 3.747e-05
4.214e+02 1.000e+00 3.595e-05
4.228e+02 1.000e+00 3.448e-05
4.242e+02 1.000e+00 3.307e-05
4.256e+02 1.000e+00 3.172e-05
4.270e+02 1.000e+00 3.043e-05
4.284e+02 1.000e+00 2.918e-05
4.298e+02 1.000e+00 2.799e-05
4.312e+02 1.000e+00 2.685e-05
4.326e+02 1.000e+00 2.575e-05
4.340e+02 1.000e+00 2.469e-05
4.354e+02 1.000e+00 2.368e-05
4.368e+02 1.000e+00 2.271e-05
4.382e+02 1.000e+00 2.178e-05
4.396e+02 1.000e+00 2.088e-05
4.410e+02 1.000e+00 2.002e-05
4.424e+02 1.000e+00 1.920e-05
4.438e+02 1.000e+00 1.841e-05
4.452e+02 1.000e+00 1.765e-05
4.466e+02 1.000e+00 1.692e-05
4.480e+02 1.000e+00 1.622e-05
4.494e+02 1.000e+00 1.554e-05
4.508e+02 1.000e+00 1.490e-05
4.522e+02 1.000e+00 1.428e-05
4.536e+02 1.000e+00 1.369e-05
4.550e+02 1.000e+00 1.312e-05
4.564e+02 1.000e+00 1.257e-05
4.578e+02 1.000e+00 1.204e-05
4.592e+02 1.000e+00 1.154e-05
4.606e+02 1.000e+00 1.105e-05
4.620e+02 1.000e+00 1.059e-05
4.634e+02 1.000e+00 1.015e-05
4.648e+02 1.000e+00 9.718e-06
4.662e+02 1.000e+00 9.307e-06
4.676e+02 1.000e+00 8.914e-06
4.690e+02 1.000e+00 8.536e-06
4.704e+02 1.000e+00 8.174e-06
4.718e+02 1.000e+00 7.826e-06
4.732e+02 1.000e+00 7.493e-06
4.746e+02 1.000e+00 7.173e-06
4.760e+02 1.000e+00 6.866e-06
4.774e+02 1.000e+00 6.572e-06
4.788e+02 1.000e+00 6.290e-06
4.802e+02 1.000e+00 6.020e-06
4.816e+02 1.000e+00 5.760e-06
4.830e+02 1.000e+00 5.511e-06
4.844e+02 1.000e+00 5.273e-06
4.858e+02 1.000e+00 5.044e-06
4.872e+02 1.000e+00 4.825e-06
4.886e+02 1.000e+00 4.615e-06
4.900e+02 1.000e+00 4.414e-06
4.914e+02 1.000e+00 4.221e-06
4.928e+02 1.000e+00 4.036e-06
4.942e+02 1.000e+00 3.858e-06
4.956e+02 1.000e+00 3.689e-06
4.970e+02 1.000e+00 3.526e-06
4.984e+02 1.000e+00 3.370e-06
4.998e+02 1.000e+00 3.221e-06
